0;0.000001;0.000001;0.000001;0.000000;0.000003;1
200;0.000162;0.011504;0.000039;0.000103;0.011705;1
400;0.000594;0.099925;0.000248;0.000271;0.100767;1
600;0.000911;0.317960;0.000529;0.000372;0.319400;1
800;0.002029;0.743587;0.006910;0.006253;0.752526;1
1000;0.008449;1.450696;0.001519;0.000906;1.460664;1
1200;0.010176;2.471324;0.008087;0.001012;2.489587;1
1400;0.017385;3.995087;0.009021;0.001319;4.021493;1
1600;0.018505;5.860486;0.009742;0.001566;5.888733;1
1800;0.020406;8.411607;0.010908;0.002117;8.442921;1
2000;0.029116;11.558785;0.012793;0.002372;11.600694;1
2200;0.038920;15.437012;0.019264;0.003674;15.495196;1
2400;0.039015;19.913809;0.027039;0.009732;19.979863;1
2600;0.042496;25.345637;0.022909;0.004927;25.411042;1
2800;0.050606;31.651870;0.030659;0.022558;31.733135;1
3000;0.059257;39.162087;0.032031;0.005633;39.253375;1
3200;0.067933;47.205361;0.040279;0.011421;47.313573;1
3400;0.072296;56.359676;0.046621;0.013182;56.478593;1
3600;0.081549;67.212689;0.050085;0.013524;67.344323;1
3800;0.097390;79.026300;0.059170;0.024826;79.182860;1
4000;0.106790;92.427266;0.063902;0.021998;92.597958;1
4200;0.111352;106.837254;0.064602;0.009368;107.013208;1
4400;0.121479;122.624425;0.077089;0.009282;122.822993;1
4600;0.131583;139.818625;0.080679;0.033831;140.030887;1
4800;0.149312;159.108472;0.095472;0.027644;159.353256;1
5000;0.165355;180.173437;0.097343;0.024534;180.436135;1
5200;0.165965;202.130821;0.101186;0.023381;202.397972;1
5400;0.194699;225.169448;0.111091;0.018019;225.475238;1
5600;0.199088;253.808167;0.118933;0.024698;254.126188;1
5800;0.217773;278.630910;0.129541;0.018747;278.978224;1
6000;0.230643;308.677644;0.139753;0.013759;309.048040;1
6200;0.242641;340.647729;0.147923;0.020766;341.038293;1
6400;0.261942;373.124862;0.152833;0.027209;373.539637;1
6600;0.285796;411.566637;0.168737;0.033668;412.021170;1
6800;0.306363;449.498076;0.182383;0.040824;449.986822;1
7000;0.320405;490.624565;0.191283;0.050100;491.136253;1
7200;0.347964;532.278623;0.196211;0.045784;532.822798;1
7400;0.364737;577.084374;0.217477;0.068104;577.666588;1
7600;0.378383;625.248196;0.225566;0.046317;625.852145;1
7800;0.417353;676.104630;0.229967;0.053364;676.751950;1
8000;0.470962;727.265607;0.241187;0.024169;727.977756;1
0;0.009756;0.000001;0.000001;0.000000;0.009758;2
200;0.010513;0.329724;0.029188;0.314888;0.369425;2
400;0.031430;0.663112;0.078548;0.600670;0.773090;2
600;0.079794;1.019961;0.363628;0.892857;1.463383;2
800;0.327170;1.769899;0.415478;1.491851;2.512547;2
1000;0.582079;2.566823;0.563216;2.013381;3.712118;2
1200;0.861002;4.084638;0.814373;3.146666;5.760013;2
1400;1.329565;5.159286;1.009849;3.518035;7.498700;2
1600;1.879627;6.377023;1.097089;4.162050;9.353739;2
1800;2.210497;9.407770;1.227414;6.538378;12.845681;2
2000;2.092233;11.913554;1.582193;8.403222;15.587980;2
2200;3.123786;15.496850;1.703626;9.238765;20.324262;2
2400;4.116172;18.251269;1.986042;9.587131;24.353483;2
2600;3.255601;22.625475;2.383791;11.748308;28.264867;2
2800;5.238636;25.401427;2.563283;11.943141;33.203346;2
3000;5.446534;34.285004;2.494774;16.756869;42.226312;2
3200;6.326445;37.867609;2.748667;15.487398;46.942721;2
3400;7.645334;44.445241;3.893007;17.674849;55.983582;2
3600;7.825212;50.435608;3.240175;19.319260;61.500995;2
3800;9.252904;59.923544;3.537090;21.080904;72.713538;2
4000;10.480808;64.568298;3.525772;19.968085;78.574878;2
4200;11.134177;72.109495;4.131541;21.413250;87.375213;2
4400;10.616069;85.650429;4.841862;26.318271;101.108360;2
4600;14.940505;96.672536;4.433741;29.537831;116.046782;2
4800;14.299249;109.887678;6.394399;33.017020;130.581326;2
5000;15.780697;118.149029;6.316649;30.933928;140.246375;2
5200;16.593323;129.537880;6.515043;32.005158;152.646246;2
5400;18.902918;147.893319;7.086567;38.093092;173.882804;2
5600;20.259296;166.433487;6.947385;43.776776;193.640168;2
5800;21.403735;178.637241;8.160392;41.438227;208.201368;2
6000;23.275690;201.867307;7.708671;49.570329;232.851668;2
6200;25.748648;214.627892;8.124553;47.294877;248.501093;2
6400;27.250609;232.692419;8.080757;48.801723;268.023785;2
6600;29.573043;255.635785;9.439103;52.392648;294.647931;2
6800;25.418585;279.097345;9.463557;57.068691;313.979487;2
7000;31.510171;299.527763;9.720043;56.874790;340.757977;2
7200;30.635254;322.069625;10.142719;58.176353;362.847598;2
7400;34.034677;339.852043;11.879114;54.295883;385.765834;2
7600;35.154376;376.685102;11.630478;66.366308;423.469956;2
7800;38.870973;409.649381;12.201168;72.834276;460.721522;2
8000;38.118937;434.302969;13.633096;73.031488;486.055002;2
8200;51.527103;474.098054;28.409703;83.099537;554.034860;2
8400;52.805410;504.488063;29.726558;83.537043;587.020031;2
8600;56.996890;537.796455;32.601011;87.778821;627.394356;2
0;0.023354;0.000000;0.000000;0.000000;0.023354;3
200;0.011555;0.377059;0.060742;0.375061;0.449356;3
400;0.086875;2.165312;0.191075;2.149113;2.443262;3
600;0.201180;2.809100;0.270546;2.716249;3.280826;3
800;0.345750;4.284939;0.399675;4.047005;5.030364;3
1000;0.336613;5.560685;1.048265;5.267938;6.945563;3
1200;0.714729;6.914168;0.865503;6.361182;8.494400;3
1400;1.290427;8.722395;1.134755;7.829864;11.147577;3
1600;1.261895;10.767360;1.657148;9.396876;13.686403;3
1800;1.814721;13.180414;2.905542;11.083549;17.900677;3
2000;2.471100;16.643226;2.990230;13.825306;22.104556;3
2200;2.917001;18.786415;3.610994;15.166000;25.314410;3
2400;3.447902;22.418668;4.202170;17.358926;30.068740;3
2600;3.779731;26.301816;4.857590;19.953271;34.939137;3
2800;4.454408;31.893206;5.834130;23.110455;42.181744;3
3000;4.196676;36.921990;6.997172;25.809693;48.115838;3
3200;5.750035;43.404043;7.816786;29.698291;56.970864;3
3400;7.012639;46.193027;8.685758;29.554619;61.891424;3
3600;7.599880;56.746651;9.104814;37.236075;73.451345;3
3800;9.545072;62.257346;10.569851;38.287576;82.372269;3
4000;9.953834;70.245061;10.799717;41.668097;90.998612;3
4200;10.527355;78.059435;14.342595;44.933157;102.929385;3
4400;10.737400;86.594240;14.654744;47.887805;111.986384;3
4600;13.392833;98.291101;16.692722;54.391112;128.376656;3
4800;16.044058;106.667401;16.747587;56.963715;139.459046;3
5000;15.305820;121.288999;20.269552;64.750651;156.864371;3
5200;16.732190;133.022075;23.460969;68.666814;173.215234;3
5400;18.919506;142.225237;23.935987;70.498218;185.080730;3
5600;21.010666;158.458495;22.785698;77.958072;202.254859;3
5800;21.450368;173.730666;26.363072;84.291751;221.544106;3
6000;22.089782;186.129948;29.291551;86.632764;237.511281;3
6200;25.200313;201.377102;30.000214;91.565847;256.577629;3
6400;27.448986;219.695031;34.925684;99.027788;282.069701;3
6600;28.236024;238.595538;37.712778;105.049222;304.544340;3
6800;29.589421;262.402505;38.131503;116.065440;330.123429;3
7000;32.212773;277.863593;40.712644;117.869299;350.789010;3
7200;31.062688;300.362199;44.409443;127.120080;375.834330;3
7400;36.196911;318.196376;45.884199;129.871359;400.277486;3
7600;36.203659;342.886109;44.604564;137.629519;423.694332;3
7800;36.398935;370.777130;47.538765;149.190550;454.714830;3
8000;40.083676;389.991858;53.687113;150.451094;483.762647;3
8200;50.380816;416.835138;80.046168;158.375571;547.262122;3
8400;55.503937;444.064236;84.747166;166.324989;584.315339;3
8600;54.220130;472.541674;91.839930;175.083805;618.601734;3
8800;59.970680;515.132502;103.211055;193.057452;678.314237;3
9000;65.003336;546.673532;106.226569;203.446565;717.903437;3
0;0.015694;0.000001;0.000001;0.000000;0.015696;4
200;0.019891;0.526542;0.042085;0.525006;0.588518;4
400;0.086315;1.482294;0.191523;1.454053;1.760132;4
600;0.235251;3.087034;0.226589;3.052059;3.548874;4
800;0.324407;4.990457;0.626059;4.871112;5.940923;4
1000;0.707623;5.900444;0.703006;5.674133;7.311073;4
1200;0.818892;7.339456;0.908570;6.905748;9.066918;4
1400;0.941928;9.487176;1.268496;8.812412;11.697600;4
1600;1.896612;12.022698;1.748578;10.859710;15.667888;4
1800;2.251358;14.813344;1.904799;13.311700;18.969501;4
2000;2.006444;17.006187;2.783812;14.954898;21.796443;4
2200;2.426939;20.526398;3.378046;17.758043;26.331383;4
2400;3.073268;24.831176;3.558564;21.178459;31.463008;4
2600;3.606674;25.894406;4.581741;21.297684;34.082821;4
2800;4.570475;32.888427;5.851580;26.867950;43.310482;4
3000;3.983018;34.450018;5.657342;26.730823;44.090378;4
3200;5.575205;39.694343;7.002241;30.042388;52.271789;4
3400;8.285039;44.771198;6.677398;32.964913;59.733635;4
3600;5.754285;51.132452;8.314751;37.162119;65.201488;4
3800;8.023435;53.607909;9.298186;37.231058;70.929530;4
4000;8.982875;59.811766;10.382139;40.510147;79.176780;4
4200;9.342853;69.688036;9.919886;46.954076;88.950775;4
4400;10.954093;75.577535;9.093128;48.073500;95.624756;4
4600;10.395145;87.832409;12.557791;55.342463;110.785345;4
4800;11.215331;95.630010;15.145467;59.112558;121.990808;4
5000;14.365125;102.869604;15.507873;61.045204;132.742602;4
5200;14.288516;113.220859;15.988014;65.901012;143.497389;4
5400;14.905296;118.221295;17.979016;64.998123;151.105607;4
5600;17.563727;132.452538;18.340963;73.510975;168.357228;4
5800;18.848898;143.091689;18.949808;77.976533;180.890395;4
6000;18.814020;156.062892;19.990886;84.083297;194.867798;4
6200;20.274193;169.890990;23.867947;88.680431;214.033130;4
6400;24.184464;187.224884;28.504582;97.740112;239.913930;4
6600;26.078948;201.716021;28.596795;103.695368;256.391764;4
6800;25.102180;222.899007;32.925150;115.135611;280.926337;4
7000;30.194347;237.152862;32.788204;119.153557;300.135413;4
7200;32.405389;252.056055;35.692762;124.349225;320.154206;4
7400;33.782488;265.233955;35.278512;126.302657;334.294955;4
7600;36.607162;283.958757;35.403624;132.582209;355.969543;4
7800;38.493411;308.008057;41.867267;143.951652;388.368735;4
8000;42.967923;333.455353;45.108203;155.737902;421.531479;4
8200;54.034840;352.512328;80.915301;162.295082;487.462469;4
8400;56.253105;371.635688;85.706562;168.119137;513.595355;4
8600;57.081836;398.502363;88.566456;178.179941;544.150655;4
8800;58.514479;421.420905;90.209431;185.653468;570.144815;4
9000;60.930781;445.012783;96.395639;191.428563;602.339203;4
9200;60.132203;471.753406;101.288197;200.253688;633.173806;4
0;0.019512;0.000001;0.000001;0.000000;0.019514;5
200;0.013954;0.460474;0.013327;0.459283;0.487755;5
400;0.110784;2.289220;0.103864;2.274174;2.503868;5
600;0.231505;3.448139;0.232788;3.390235;3.912432;5
800;0.287579;4.718522;0.212215;4.596527;5.218316;5
1000;0.536147;7.111907;0.477768;6.917453;8.125822;5
1200;0.604420;7.971139;0.585542;7.622376;9.161101;5
1400;1.206944;11.663931;0.973773;11.125982;13.844648;5
1600;0.892572;11.552349;1.069294;10.665473;13.514215;5
1800;2.279909;17.168489;1.371794;16.077428;20.820192;5
2000;1.181721;18.115604;2.147541;16.508601;21.444866;5
2200;2.084664;20.643141;2.926035;18.450518;25.653840;5
2400;3.165930;23.454898;3.046648;20.834271;29.667476;5
2600;3.376463;28.231780;3.273261;24.931312;34.881504;5
2800;3.770790;33.068779;3.643143;28.753987;40.482712;5
3000;4.325148;35.170671;4.679686;29.770367;44.175505;5
3200;6.410694;39.726142;5.912382;33.041935;52.049218;5
3400;5.989390;45.337066;6.140282;37.232605;57.466738;5
3600;7.565015;52.808078;7.312990;43.290279;67.686083;5
3800;8.249202;57.913074;7.877423;45.728877;74.039699;5
4000;9.600688;62.512510;8.293747;48.611122;80.406945;5
4200;9.495466;73.713060;9.883862;57.181876;93.092388;5
4400;12.359915;76.695681;10.511922;57.519732;99.567518;5
4600;10.869074;85.292090;12.323593;63.100141;108.484757;5
4800;14.096320;93.071755;12.548580;67.378016;119.716655;5
5000;14.497840;104.333893;13.876659;74.068629;132.708392;5
5200;14.367900;114.206548;15.699142;78.642990;144.273590;5
5400;17.107517;124.056415;16.603922;83.087195;157.767854;5
5600;19.990791;134.013014;17.395224;89.163411;171.399029;5
5800;18.924802;144.002433;18.484523;94.116240;181.411758;5
6000;21.277157;156.933540;19.361442;100.914401;197.572139;5
6200;23.360614;165.635559;21.129396;103.593461;210.125569;5
6400;25.805132;181.463564;24.308902;112.991117;231.577598;5
6600;26.967767;197.848486;24.896219;123.211842;249.712472;5
6800;27.253733;210.225818;26.913331;127.328566;264.392882;5
7000;31.887862;227.009559;26.883707;136.307985;285.781128;5
7200;32.148527;245.868698;28.436771;145.534793;306.453996;5
7400;34.421616;259.857965;30.789607;149.528750;325.069188;5
7600;38.651591;280.726926;32.094337;161.297062;351.472854;5
7800;39.891012;297.821172;34.693570;170.318288;372.405754;5
8000;38.538048;312.642211;33.680761;172.574942;384.861020;5
8200;52.520589;330.017466;80.790462;177.812666;463.328517;5
8400;55.937945;360.916663;80.554608;197.765312;497.409216;5
8600;55.553419;363.275684;78.932952;189.269087;497.762055;5
8800;56.486835;391.381913;88.846804;204.716007;536.715552;5
9000;61.289776;418.269301;93.278309;214.140497;572.837386;5
9200;64.127963;442.329698;94.632561;227.237816;601.090222;5
0;0.056820;0.000001;0.000000;0.000000;0.056821;6
200;0.051758;0.472880;0.012321;0.471736;0.536959;6
400;0.088040;2.245525;0.086470;2.237194;2.420035;6
600;0.137962;3.549915;0.228653;3.498748;3.916530;6
800;0.338075;4.733119;0.228386;4.644580;5.299580;6
1000;0.504949;6.353156;0.463159;6.165493;7.321264;6
1200;0.493289;8.116151;0.763150;7.832999;9.372590;6
1400;1.907987;11.108005;0.798819;10.696754;13.814811;6
1600;1.154341;12.709721;1.382269;12.077939;15.246331;6
1800;1.796188;14.227428;1.181399;13.227005;17.205015;6
2000;2.082724;17.371055;1.669786;16.037464;21.123565;6
2200;2.641706;20.684937;2.173780;19.056817;25.500423;6
2400;2.653733;25.164923;2.324564;22.989602;30.143220;6
2600;4.045975;28.718599;2.924073;25.901475;35.688647;6
2800;3.504347;31.177417;3.092459;27.560300;37.774223;6
3000;4.447052;35.016494;3.924514;30.763652;43.388060;6
3200;4.657561;40.260137;4.572823;34.744909;49.490521;6
3400;6.412704;46.304557;5.969410;39.466465;58.686671;6
3600;5.989122;52.151006;5.390664;44.156709;63.530792;6
3800;7.939291;54.147709;6.543963;44.566493;68.630963;6
4000;7.707908;60.316159;6.951050;48.140293;74.975117;6
4200;9.259771;64.071065;7.624067;50.312777;80.954903;6
4400;10.634113;74.638905;9.657287;58.140800;94.930305;6
4600;11.164182;79.530176;8.793749;60.997291;99.488107;6
4800;11.455907;85.055365;10.498749;63.656358;107.010021;6
5000;14.565511;94.084829;10.612933;70.002934;119.263273;6
5200;15.815923;101.498998;12.394053;73.463708;129.708974;6
5400;14.892955;108.946358;11.559245;76.270149;135.398558;6
5600;16.800628;114.956596;11.852501;77.468358;143.609725;6
5800;15.408061;126.026532;10.721700;84.041522;152.156293;6
6000;18.402191;144.166659;11.724832;97.088884;174.293682;6
6200;20.565699;143.116889;13.249318;90.171281;176.931906;6
6400;20.914814;154.617004;16.468814;97.008798;192.000632;6
6600;24.261155;167.934828;17.642259;104.833719;209.838242;6
6800;23.721868;184.933990;17.724361;116.523939;226.380219;6
7000;26.347665;191.572707;19.401890;116.836884;237.322262;6
7200;29.381504;210.504773;20.460041;128.117365;260.346318;6
7400;31.903245;218.857318;22.879823;128.917946;273.640386;6
7600;32.565152;241.840743;21.493360;144.140732;295.899255;6
7800;33.595869;264.061390;23.240809;157.497293;320.898068;6
8000;35.783019;270.475511;24.432382;153.807795;330.690912;6
8200;47.256140;294.522392;69.555082;170.122427;411.333614;6
8400;52.079860;308.204418;72.476324;173.248426;432.760602;6
8600;50.734368;329.129557;75.305101;182.028000;455.169026;6
8800;54.989625;344.861534;79.606449;188.155306;479.457608;6
9000;55.827854;365.386445;79.774002;200.802191;500.988301;6
9200;57.817422;383.185999;85.307396;207.360784;526.310817;6
9400;57.781812;406.300132;87.433835;216.690296;551.515779;6
0;0.040053;0.000001;0.000001;0.000000;0.040055;7
200;0.068437;0.514566;0.013032;0.513428;0.596035;7
400;0.104291;2.396125;0.057950;2.387702;2.558366;7
600;0.176578;3.513664;0.119387;3.486277;3.809629;7
800;0.337759;4.915736;0.286585;4.818513;5.540080;7
1000;0.476876;7.302161;0.414703;7.165771;8.193740;7
1200;0.719671;9.006052;0.586494;8.764938;10.312217;7
1400;0.518323;11.220049;0.923864;10.767843;12.662236;7
1600;0.744020;11.933157;0.865595;11.343949;13.542772;7
1800;1.815576;17.041826;0.995510;16.191096;19.852912;7
2000;2.013905;17.721276;1.221258;16.674518;20.956439;7
2200;2.215242;19.817268;1.486466;18.385713;23.518976;7
2400;2.439534;22.640099;1.729534;20.830948;26.809167;7
2600;2.115190;24.611318;2.420882;22.166047;29.147390;7
2800;3.054907;29.797657;2.558111;26.599351;35.410675;7
3000;4.457138;33.807106;2.543691;29.993663;40.807935;7
3200;5.636587;36.556041;3.866105;31.998412;46.058733;7
3400;5.496446;40.917795;3.549437;35.481850;49.963678;7
3600;6.777492;45.537817;4.090959;38.764323;56.406268;7
3800;6.797021;52.842501;4.684708;44.768851;64.324230;7
4000;7.361571;59.623122;5.049794;50.167428;72.034487;7
4200;7.673503;70.037812;5.263875;58.508455;82.975190;7
4400;9.390839;66.886997;5.941139;53.995694;82.218975;7
4600;11.281563;74.809699;7.004832;59.338971;93.096094;7
4800;11.476592;81.397154;7.180438;62.648356;100.054184;7
5000;11.832028;88.876650;8.472518;67.835317;109.181196;7
5200;13.847101;93.099264;8.445601;70.267744;115.391966;7
5400;14.224903;104.419854;10.396925;79.514854;129.041682;7
5600;16.052691;119.561905;10.031314;89.850885;145.645910;7
5800;16.876211;119.579058;10.025292;85.261689;146.480561;7
6000;17.533601;131.024011;11.261199;94.033062;159.818811;7
6200;19.648510;140.216209;12.957753;97.745517;172.822472;7
6400;19.350389;150.141959;13.054180;102.235707;182.546528;7
6600;21.545750;164.332897;13.426768;111.569609;199.305415;7
6800;21.571406;172.389360;15.579594;113.674972;209.540360;7
7000;25.518502;186.198281;16.997414;123.026122;228.714197;7
7200;29.442594;201.790327;18.330957;130.400211;249.563878;7
7400;29.526090;229.621338;18.562704;154.591230;277.710132;7
7600;32.058345;224.655502;16.293194;141.342976;273.007041;7
7800;35.688450;253.737046;20.033135;163.409708;309.458631;7
8000;36.567833;268.983797;22.475291;172.056813;328.026921;7
8200;53.914948;293.372741;78.605552;188.828839;425.893241;7
8400;53.035704;306.497051;81.886661;192.681123;441.419416;7
8600;53.598761;326.985685;86.801808;203.017731;467.386254;7
8800;59.103539;342.591935;88.326823;208.616308;490.022297;7
9000;62.956255;365.184394;91.554952;224.351624;519.695601;7
9200;62.926445;380.045869;95.581141;228.322336;538.553455;7
9400;67.196264;407.999699;99.912102;245.003869;575.108065;7
0;0.096176;0.000000;0.000000;0.000000;0.096176;8
200;0.057211;0.471722;0.010812;0.470887;0.539745;8
400;0.077548;3.027839;0.100050;3.021355;3.205437;8
600;0.119607;3.856983;0.288207;3.825682;4.264797;8
800;0.276352;5.481858;0.330640;5.422282;6.088850;8
1000;0.705321;7.388602;0.550128;7.238098;8.644051;8
1200;0.812066;9.280208;0.372906;9.077096;10.465180;8
1400;0.825799;10.529165;0.716493;10.129691;12.071457;8
1600;0.696616;13.625099;0.824023;13.114408;15.145738;8
1800;1.405170;17.212178;0.982207;16.523619;19.599555;8
2000;2.145047;19.233674;1.399539;18.267621;22.778260;8
2200;2.297586;22.288102;1.612265;20.989949;26.197953;8
2400;3.093947;25.356088;1.730294;23.678552;30.180329;8
2600;2.910086;28.953574;2.424306;26.785436;34.287966;8
2800;3.928735;32.859770;3.177683;30.278483;39.966188;8
3000;4.045469;35.263371;2.762569;31.902916;42.071409;8
3200;4.978989;40.997070;3.608654;36.925307;49.584713;8
3400;5.711926;45.830771;3.312066;41.195796;54.854763;8
3600;7.617209;50.590401;4.441100;44.641122;62.648710;8
3800;7.562647;55.355765;5.090599;48.368137;68.009011;8
4000;8.712007;62.510380;5.107027;54.215865;76.329414;8
4200;9.972945;67.443214;5.659250;57.970070;83.075409;8
4400;10.150349;73.211642;5.763584;62.069493;89.125575;8
4600;12.456746;81.798889;5.981705;69.056918;100.237340;8
4800;12.409889;86.971173;7.159683;71.985475;106.540745;8
5000;14.470212;93.784446;7.101655;76.073932;115.356313;8
5200;15.121223;100.913210;8.624372;81.940588;124.658805;8
5400;15.282889;107.532476;8.604737;85.819357;131.420102;8
5600;17.963406;114.854050;8.762727;90.330142;141.580183;8
5800;18.019339;123.576630;9.580498;96.336335;151.176467;8
6000;21.600133;136.275888;10.788905;104.736126;168.664926;8
6200;21.865577;144.630797;12.067962;108.945261;178.564336;8
6400;23.752630;158.157063;11.155942;118.445829;193.065635;8
6600;24.216289;169.164555;12.961165;123.470889;206.342009;8
6800;26.466833;189.334046;12.702069;138.817417;228.502948;8
7000;27.828353;192.072856;14.418980;137.111709;234.320189;8
7200;27.327496;207.843065;14.934272;147.742642;250.104833;8
7400;28.741673;222.722147;16.255243;157.290557;267.719063;8
7600;33.233694;236.528599;18.282096;165.082863;288.044389;8
7800;29.222126;255.245791;15.863391;178.937289;300.331308;8
8000;33.538778;263.506573;19.865247;179.951024;316.910598;8
8200;44.539399;276.795354;86.351014;185.768512;407.685767;8
8400;44.931688;353.714673;97.496466;254.639359;496.142827;8
8600;48.020197;325.476382;103.241305;221.123936;476.737884;8
8800;64.970529;415.716147;100.353252;289.712924;581.039928;8
9000;50.905658;387.744624;99.683353;265.647454;538.333635;8
9200;52.060583;350.754392;99.743001;220.167499;502.557976;8
9400;50.748620;368.079872;103.679975;228.304919;522.508467;8
0;0.088612;0.000000;0.000000;0.000000;0.088612;9
200;0.071105;0.520926;0.010794;0.520090;0.602825;9
400;0.095518;2.485544;0.069141;2.480112;2.650203;9
600;0.075743;3.911766;0.209547;3.883386;4.197056;9
800;0.220311;5.214908;0.426031;5.172354;5.861250;9
1000;0.299120;7.108848;0.282837;6.993758;7.690805;9
1200;0.370011;8.357681;0.375361;8.204965;9.103053;9
1400;0.725216;10.671753;0.484850;10.321327;11.881819;9
1600;0.722608;11.835215;0.646537;11.379963;13.204360;9
1800;0.994629;14.078111;0.844857;13.458317;15.917597;9
2000;1.526697;18.769451;1.042194;17.920582;21.338342;9
2200;1.883749;18.761068;0.994958;17.703548;21.639775;9
2400;2.381355;24.062357;1.035722;22.550098;27.479434;9
2600;3.138221;25.888104;1.482703;24.079470;30.509028;9
2800;2.733446;29.557542;1.668666;27.315008;33.959654;9
3000;6.258771;32.133545;2.517500;29.222965;40.909816;9
3200;4.804142;44.690431;2.092480;41.186789;51.587053;9
3400;4.821888;43.704878;2.699263;39.077482;51.226029;9
3600;5.298426;61.446251;4.219238;56.336077;70.963915;9
3800;6.313629;53.566969;3.387000;47.545268;63.267598;9
4000;6.189601;81.777696;4.530925;74.939724;92.498222;9
4200;7.430122;59.995541;4.160751;52.016787;71.586414;9
4400;9.012222;65.402845;4.524398;55.919362;78.939465;9
4600;7.861494;70.415312;4.394999;59.633681;82.671805;9
4800;10.015436;78.528837;5.787090;65.685891;94.331363;9
5000;11.779183;83.014374;6.239013;68.389911;101.032570;9
5200;10.355876;88.080736;6.468137;71.629131;104.904749;9
5400;12.363190;93.613545;6.338922;74.829608;112.315657;9
5600;14.000482;103.255878;7.979851;82.190561;125.236211;9
5800;14.134801;116.520042;8.043668;93.431436;138.698511;9
6000;16.794274;123.003753;9.058195;97.542326;148.856222;9
6200;17.478451;127.818555;8.471560;99.549505;153.768566;9
6400;17.574649;139.092935;8.744456;105.476346;165.412040;9
6600;18.964989;148.286667;11.486415;110.742847;178.738071;9
6800;21.143913;163.997585;10.629464;120.823997;195.770962;9
7000;22.137836;172.923290;12.019457;124.240921;207.080583;9
7200;23.875722;188.696647;12.967227;135.268523;225.539596;9
7400;23.472332;203.149162;14.510419;143.372767;241.131913;9
7600;24.106739;224.003453;14.397397;160.708089;262.507589;9
7800;26.741300;232.905399;13.987343;164.990597;273.634042;9
8000;27.544325;240.424611;15.965815;167.867818;283.934751;9
8200;38.133324;260.740852;77.857412;182.698689;376.731588;9
8400;42.144806;289.984559;84.044333;205.010354;416.173698;9
8600;43.428386;286.478692;90.358925;195.503360;420.266003;9
8800;45.209495;299.751632;89.657282;201.011028;434.618409;9
9000;46.568646;316.286669;93.968619;211.251291;456.823934;9
9200;48.988103;334.054528;93.565357;220.825681;476.607988;9
9400;48.419863;353.832837;104.626307;232.356735;506.879007;9
0;0.111197;0.000000;0.000000;0.000000;0.111197;10
200;0.042796;0.565983;0.009338;0.565301;0.618117;10
400;0.116362;2.505224;0.082636;2.496003;2.704222;10
600;0.117858;4.052571;0.179025;4.037967;4.349454;10
800;0.197195;5.457692;0.180930;5.400973;5.835817;10
1000;0.336331;8.222075;0.280344;8.113251;8.838750;10
1200;0.536547;9.170777;0.258961;8.977603;9.966285;10
1400;0.619598;12.998673;0.367459;12.746954;13.985730;10
1600;0.533040;12.323464;0.563060;11.971289;13.419564;10
1800;1.297240;15.528403;0.735523;14.961974;17.561166;10
2000;1.117123;17.083030;0.931547;16.268566;19.131700;10
2200;1.802666;20.307851;1.084627;19.335349;23.195144;10
2400;1.668501;24.593417;1.526938;23.288916;27.788856;10
2600;1.753231;27.863660;1.545541;26.150206;31.162432;10
2800;2.074691;30.992441;1.512709;28.819980;34.579841;10
3000;2.351705;35.248492;2.122300;32.442483;39.722497;10
3200;3.775580;40.240858;2.416078;36.983854;46.432516;10
3400;3.636508;41.815799;2.825077;37.722945;48.277384;10
3600;4.470275;46.896175;3.049983;42.284446;54.416433;10
3800;4.620229;53.615298;3.064526;47.962772;61.300053;10
4000;5.928121;55.719782;3.934674;49.007229;65.582577;10
4200;6.070519;62.113332;3.798225;54.191876;71.982076;10
4400;6.609610;67.687385;3.797643;58.671725;78.094638;10
4600;7.552861;73.143283;4.333748;62.477340;85.029892;10
4800;8.343124;78.478233;4.858982;66.414319;91.680339;10
5000;8.154483;83.766244;4.962962;69.712315;96.883689;10
5200;9.980839;91.163771;5.300930;75.331526;106.445540;10
5400;9.929941;97.010508;6.455767;79.045202;113.396216;10
5600;12.468188;102.514140;7.147493;82.553293;122.129821;10
5800;11.520687;109.773113;7.331045;87.440553;128.624845;10
6000;14.300231;119.481757;7.399116;95.070871;141.181104;10
6200;14.543995;127.546438;7.745562;100.340525;149.835995;10
6400;14.688934;136.522368;8.482491;106.678213;159.693793;10
6600;16.227669;144.700801;8.976385;111.704369;169.904855;10
6800;16.878718;155.333195;8.909895;119.251366;181.121808;10
7000;18.702217;167.178463;9.770387;124.873974;195.651067;10
7200;19.879290;174.325379;9.840426;127.696246;204.045095;10
7400;22.096992;187.580875;12.060425;136.166865;221.738292;10
7600;20.292795;196.902783;11.617245;139.843550;228.812823;10
7800;21.186528;213.307632;13.250569;151.673728;247.744729;10
8000;23.758258;228.361607;15.429868;161.389161;267.549733;10
8200;35.324961;243.043719;84.156573;171.393610;362.525253;10
8400;36.536456;259.824595;90.138544;182.187098;386.499595;10
8600;38.390428;272.873623;92.397907;189.790621;403.661958;10
8800;38.407747;281.586665;89.109544;193.306920;409.103956;10
9000;40.199081;298.448559;97.379946;203.864224;436.027586;10
9200;41.432493;319.277779;100.022389;217.761895;460.732661;10
9400;43.849152;331.172764;102.893344;223.258810;477.915260;10
0;0.043245;0.000001;0.000001;0.000000;0.043247;11
200;0.043573;0.617043;0.012287;0.616425;0.672903;11
400;0.088421;2.419180;0.038567;2.414865;2.546168;11
600;0.127202;3.684796;0.091994;3.659991;3.903992;11
800;0.276442;5.399977;0.152695;5.364049;5.829114;11
1000;0.370158;6.785237;0.246072;6.687680;7.401467;11
1200;0.424178;8.685185;0.378905;8.521035;9.488268;11
1400;0.508684;10.714689;0.476446;10.467123;11.699819;11
1600;0.612122;12.171101;0.448870;11.834306;13.232093;11
1800;1.173182;15.821357;0.724014;15.277786;17.718553;11
2000;1.546300;17.620573;0.777261;16.891547;19.944134;11
2200;1.390844;18.342237;1.016409;17.369034;20.749490;11
2400;1.767136;22.433529;1.040256;21.159481;25.240921;11
2600;1.502786;25.081190;1.522285;23.390314;28.106261;11
2800;1.865948;27.333321;1.312904;25.287030;30.512173;11
3000;2.233365;30.848781;1.853452;28.408924;34.935598;11
3200;3.972542;42.529796;1.489960;39.626362;47.992298;11
3400;3.549623;40.990900;2.114834;37.268468;46.655357;11
3600;4.259298;43.329358;2.021436;39.132714;49.610092;11
3800;4.803060;52.029576;2.680235;47.057659;59.512871;11
4000;4.306900;53.525324;3.027067;47.942075;60.859291;11
4200;5.044875;57.640028;2.763466;50.602720;65.448369;11
4400;6.522434;62.148477;3.243705;54.409559;71.914616;11
4600;6.153778;71.034939;3.892349;61.882149;81.081066;11
4800;6.024024;77.501383;4.166513;67.339198;87.691920;11
5000;8.422550;82.085516;4.981418;69.847818;95.489484;11
5200;8.356468;82.105358;6.273126;68.326046;96.734952;11
5400;8.664462;92.161165;5.418809;77.044850;106.244436;11
5600;9.434125;94.774376;6.205054;77.274477;110.413555;11
5800;11.429978;101.053589;7.899746;81.833865;120.383313;11
6000;10.949696;112.602400;8.237004;91.612887;131.789100;11
6200;13.128722;129.629598;9.757640;106.196543;152.515960;11
6400;12.168480;135.231208;9.269079;109.130675;156.668767;11
6600;13.818169;135.609474;9.467090;107.587264;158.894733;11
6800;14.914611;146.522323;9.986496;115.534584;171.423430;11
7000;16.567461;159.277746;10.843912;123.946259;186.689119;11
7200;16.541012;168.155482;13.041557;129.074670;197.738051;11
7400;18.199123;188.824220;13.026022;143.990553;220.049365;11
7600;20.320652;208.803751;11.326564;159.188639;240.450967;11
7800;24.685983;235.674749;11.985049;180.341881;272.345781;11
8000;22.819461;227.804931;13.538820;167.536500;264.163212;11
8200;34.697218;245.500817;81.033766;179.968613;361.231801;11
8400;35.906209;247.183474;82.836603;177.378546;365.926286;11
8600;35.994308;276.097079;90.885619;200.999141;402.977006;11
8800;37.809233;276.001962;91.629838;195.442695;405.441033;11
9000;38.996958;309.233700;91.074453;222.261481;439.305111;11
9200;41.349603;301.710113;96.859427;209.851030;439.919143;11
9400;48.091290;344.373457;98.787001;246.131340;491.251748;11
9600;44.090397;340.543126;102.270244;236.025475;486.903767;11
0;0.041433;0.000000;0.000000;0.000000;0.041433;12
200;0.041994;0.664791;0.002380;0.664177;0.709165;12
400;0.078748;2.277957;0.040804;2.273773;2.397509;12
600;0.137143;4.155519;0.063199;4.137227;4.355861;12
800;0.231036;5.711469;0.206232;5.660144;6.148737;12
1000;0.498078;8.006140;0.317701;7.936655;8.821919;12
1200;0.344782;8.198312;0.262787;8.041244;8.805881;12
1400;0.596259;10.319712;0.386831;10.112557;11.302802;12
1600;0.674442;12.693735;0.686514;12.345736;14.054691;12
1800;1.255138;15.161669;0.528253;14.645350;16.945060;12
2000;1.446096;16.627966;0.695161;16.019495;18.769223;12
2200;0.970786;18.974778;0.733829;18.065180;20.679393;12
2400;1.657711;21.813646;0.689409;20.776043;24.160766;12
2600;1.909501;25.660199;1.305301;24.188205;28.875001;12
2800;1.906299;31.929152;1.841262;30.078406;35.676713;12
3000;2.747721;32.749769;1.687001;30.729657;37.184491;12
3200;2.676806;33.757152;2.245958;31.066425;38.679916;12
3400;3.063783;42.989496;2.011213;39.881332;48.064492;12
3600;3.592130;45.953460;2.414354;42.356667;51.959944;12
3800;3.658270;50.807219;2.751822;46.278911;57.217311;12
4000;4.491368;50.859259;3.382101;45.691730;58.732728;12
4200;5.682471;62.857568;3.349475;56.751704;71.889514;12
4400;6.607668;59.976132;3.432270;53.115772;70.016070;12
4600;7.076214;70.800466;4.123188;62.330714;81.999868;12
4800;6.956497;75.880155;5.186618;66.979513;88.023270;12
5000;8.012428;77.881191;5.692263;67.151228;91.585882;12
5200;8.734706;93.770317;5.857160;81.429838;108.362183;12
5400;8.727772;87.703265;6.343096;73.723820;102.774133;12
5600;9.295139;101.033721;8.016945;85.329129;118.345805;12
5800;12.057181;104.819109;7.587541;87.024848;124.463831;12
6000;10.567043;110.294732;8.264450;90.665342;129.126225;12
6200;11.074269;111.315246;8.888332;89.827868;131.277847;12
6400;14.001794;125.295192;8.881511;101.809761;148.178497;12
6600;13.944882;136.336233;9.578682;110.638668;159.859797;12
6800;14.779624;157.093230;9.857090;128.554048;181.729944;12
7000;16.711363;151.161432;9.788100;120.706853;177.660895;12
7200;15.561987;160.515996;10.075745;126.064422;186.153728;12
7400;17.843487;180.518493;10.542387;141.138735;208.904367;12
7600;21.140377;180.174799;11.484851;135.554284;212.800027;12
7800;18.372064;209.797415;10.960594;160.639763;239.130073;12
8000;19.129236;211.210346;12.434983;156.301340;242.774565;12
8200;33.873323;232.568114;75.151668;172.008803;341.593105;12
8400;32.334312;240.298309;80.166157;175.356735;352.798778;12
8600;34.044720;249.068834;84.051213;179.715999;367.164767;12
8800;35.687479;262.964148;82.293120;188.191870;380.944747;12
9000;42.107288;282.007536;95.612327;202.161266;419.727151;12
9200;37.362347;303.701982;99.620921;218.173403;440.685250;12
9400;43.139494;313.788921;103.183123;223.328737;460.111538;12
9600;40.262791;318.199551;105.363154;222.052397;463.825496;12
0;0.101600;0.000000;0.000000;0.000000;0.101600;13
200;0.096321;0.620484;0.010839;0.619827;0.727644;13
400;0.117910;2.457237;0.041725;2.453657;2.616872;13
600;0.121410;4.855676;0.211611;4.843944;5.188697;13
800;0.243557;4.943586;0.159020;4.917001;5.346163;13
1000;0.503961;6.966580;0.227150;6.858899;7.697691;13
1200;0.453084;9.656174;0.381833;9.511169;10.491091;13
1400;0.495344;10.909533;0.345513;10.685492;11.750390;13
1600;0.686955;16.439515;0.561643;16.095691;17.688113;13
1800;0.704350;13.867654;0.496874;13.472083;15.068878;13
2000;0.963026;17.057089;0.506447;16.473547;18.526562;13
2200;1.079381;18.806106;0.754693;17.903481;20.640180;13
2400;1.268874;23.644360;1.031080;22.568692;25.944314;13
2600;1.568645;23.476828;0.970983;22.156284;26.016456;13
2800;1.457524;29.573118;1.449065;27.882704;32.479707;13
3000;2.428327;31.129707;1.579743;29.046565;35.137777;13
3200;2.746685;46.361494;1.673971;43.773901;50.782150;13
3400;2.793613;39.321951;1.981438;36.264527;44.097002;13
3600;3.401801;42.760807;1.927085;39.115587;48.089693;13
3800;3.577928;46.354488;2.385288;42.161837;52.317704;13
4000;3.748230;54.792307;2.722703;49.808769;61.263240;13
4200;5.560431;69.671325;2.923682;63.912718;78.155438;13
4400;5.726668;60.589733;3.256200;53.826154;69.572601;13
4600;5.012454;69.181542;3.331541;61.283876;77.525537;13
4800;5.779334;77.361638;3.475775;68.644880;86.616747;13
5000;6.152582;81.908592;4.090350;71.741630;92.151524;13
5200;6.648467;87.709534;4.223131;76.393379;98.581132;13
5400;7.077672;85.502672;4.493184;72.420777;97.073528;13
5600;7.979673;96.157680;4.935165;81.338890;109.072518;13
5800;8.182660;102.145537;5.421671;85.224330;115.749868;13
6000;10.951692;117.197530;5.952079;98.944797;134.101301;13
6200;10.256072;113.557722;6.451836;92.762572;130.265630;13
6400;9.467077;121.091302;6.233710;98.730443;136.792089;13
6600;10.918269;133.337431;6.960398;108.012200;151.216098;13
6800;12.629844;141.758744;7.580474;114.623487;161.969062;13
7000;13.132782;158.624293;7.493636;129.346427;179.250711;13
7200;14.349481;173.208142;8.312155;140.896631;195.869778;13
7400;16.176084;173.985480;8.399639;139.548354;198.561203;13
7600;15.217839;191.460553;9.886309;152.579602;216.564701;13
7800;15.960344;195.934549;10.361619;151.369248;222.256512;13
8000;17.976779;205.985709;9.616795;155.751685;233.579283;13
8200;33.768934;229.341628;76.067368;174.394989;339.177930;13
8400;32.374768;234.173380;81.705723;173.991991;348.253871;13
8600;33.593633;278.525181;85.069685;214.113286;397.188499;13
8800;34.914330;268.385941;92.712690;199.902212;396.012961;13
9000;35.684062;274.706637;98.833120;200.215756;409.223819;13
9200;41.501063;287.570600;102.264974;208.959946;431.336637;13
9400;38.130183;307.776713;105.414095;223.294523;451.320991;13
9600;38.295910;333.410570;100.700455;243.093707;472.406935;13
0;0.073192;0.000000;0.000000;0.000000;0.073192;14
200;0.053141;0.854029;0.003417;0.853428;0.910587;14
400;0.096369;2.715241;0.029036;2.711720;2.840646;14
600;0.154234;4.452667;0.131846;4.441922;4.738747;14
800;0.175306;5.322978;0.150693;5.279633;5.648977;14
1000;0.215265;9.887716;0.248205;9.831886;10.351186;14
1200;0.359558;9.318061;0.357038;9.198585;10.034657;14
1400;0.530664;12.239662;0.238683;12.071110;13.009009;14
1600;0.704256;13.147494;0.435267;12.865363;14.287017;14
1800;0.803277;18.123017;0.486757;17.668607;19.413051;14
2000;1.181476;18.393453;0.435647;17.833641;20.010576;14
2200;1.149606;21.194355;0.788737;20.413347;23.132698;14
2400;1.099802;23.322947;0.946424;22.334035;25.369173;14
2600;1.186149;25.937862;0.990575;24.740807;28.114586;14
2800;1.674934;30.286669;1.559557;28.713402;33.521160;14
3000;2.319106;34.086794;1.583210;32.221379;37.989110;14
3200;2.120676;45.318464;1.637069;42.926322;49.076209;14
3400;2.165905;44.229311;1.967124;41.522816;48.362340;14
3600;2.975457;46.698474;1.972852;43.460127;51.646783;14
3800;3.814765;58.894380;2.440266;54.983548;65.149411;14
4000;4.305648;62.281425;2.644054;57.935565;69.231127;14
4200;4.067954;70.181735;2.994784;64.781421;77.244473;14
4400;4.605976;63.670565;2.795475;57.559205;71.072016;14
4600;5.004796;71.717923;3.175069;64.608497;79.897788;14
4800;5.723433;75.599788;3.977894;67.743414;85.301115;14
5000;5.973511;77.642426;4.455292;68.541825;88.071229;14
5200;6.418217;87.332580;4.129623;77.129859;97.880420;14
5400;6.802647;92.310907;4.841298;80.914206;103.954852;14
5600;7.326294;115.762859;5.262488;102.615352;128.351641;14
5800;7.726615;110.557863;6.221370;95.541653;124.505848;14
6000;8.145609;115.844616;7.015518;99.239778;131.005743;14
6200;8.714619;117.796454;7.484589;99.319752;133.995662;14
6400;9.503606;153.265863;6.683547;132.482407;169.453016;14
6600;14.050629;142.511402;7.599720;119.780521;164.161751;14
6800;13.806256;160.154025;8.120385;135.811982;182.080666;14
7000;15.026725;158.670998;8.636893;132.251398;182.334616;14
7200;15.961401;172.360965;8.570739;142.428420;196.893105;14
7400;17.076460;171.482347;9.936230;139.684959;198.495037;14
7600;22.564008;178.784126;10.368158;144.132207;211.716292;14
7800;18.428067;197.674972;10.789123;159.230647;226.892162;14
8000;19.367511;220.715118;11.025799;177.448547;251.108428;14
8200;36.365976;224.067336;78.407053;175.187711;338.840365;14
8400;36.090210;231.803353;83.514223;178.323627;351.407786;14
8600;36.650784;273.252549;88.910134;214.998318;398.813467;14
8800;45.759748;264.483736;91.180270;200.980809;401.423754;14
9000;47.626858;271.065803;92.725075;203.398617;411.417736;14
9200;49.619610;315.862602;100.141481;243.185715;465.623693;14
9400;43.374778;329.406749;103.962722;251.704363;476.744249;14
9600;43.795044;320.792861;109.600514;237.970459;474.188419;14
0;0.075304;0.000001;0.000000;0.000000;0.075305;15
200;0.098366;0.776339;0.018721;0.775789;0.893426;15
400;0.086431;3.007703;0.026405;3.004476;3.120539;15
600;0.195989;5.697836;0.066258;5.671124;5.960083;15
800;0.235735;6.647737;0.083195;6.617419;6.966667;15
1000;0.569906;8.724877;0.172850;8.623090;9.467633;15
1200;0.450682;11.784485;0.349080;11.673871;12.584247;15
1400;0.588658;14.365091;0.224214;14.157989;15.177963;15
1600;0.767968;16.457098;0.467751;16.211564;17.692817;15
1800;1.101679;16.914273;0.381766;16.531033;18.397718;15
2000;1.345050;19.391922;0.458203;18.856551;21.195175;15
2200;1.484266;22.372069;0.826954;21.730937;24.683289;15
2400;1.966621;30.616046;1.109276;29.650069;33.691943;15
2600;2.061097;34.534055;0.956406;33.388906;37.551558;15
2800;2.333709;40.785137;1.240872;39.316247;44.359718;15
3000;2.582337;42.256433;1.527175;40.516182;46.365945;15
3200;3.374208;52.084852;1.721563;49.867054;57.180623;15
3400;4.762181;49.354163;1.779709;46.617402;55.896053;15
3600;3.835654;51.038456;2.035550;47.887736;56.909660;15
3800;4.661144;53.717976;2.240799;50.033536;60.619919;15
4000;4.790678;64.027128;2.581294;59.720549;71.399100;15
4200;6.423617;78.799442;3.226330;73.615487;88.449389;15
4400;5.529703;70.190220;3.312226;64.354845;79.032149;15
4600;6.158126;74.352334;3.305029;67.804103;83.815489;15
4800;6.723041;84.149637;3.582198;76.362979;94.454876;15
5000;7.378311;95.543680;4.138194;86.878865;107.060185;15
5200;7.663789;109.224391;4.187477;99.401596;121.075657;15
5400;8.419993;100.598201;4.523988;89.714093;113.542182;15
5600;8.975369;141.596422;5.014775;129.083045;155.586566;15
5800;9.067391;112.624489;5.322540;98.595649;127.014420;15
6000;10.640102;156.660936;5.972418;140.966398;173.273456;15
6200;11.216716;127.274416;6.634304;109.497228;145.125436;15
6400;12.185128;159.567742;7.385596;139.987666;179.138466;15
6600;12.966497;156.529811;6.629786;135.663960;176.126094;15
6800;14.043978;156.078851;6.950319;132.623714;177.073148;15
7000;14.773721;173.283579;7.613395;148.299662;195.670695;15
7200;19.422423;181.597488;8.723461;154.014917;209.743372;15
7400;16.703957;222.987286;9.829144;193.359025;249.520387;15
7600;21.723142;212.534754;10.449572;180.304634;244.707468;15
7800;18.249211;202.335135;8.627057;166.669126;229.211403;15
8000;20.302644;213.501873;10.126011;174.715404;243.930528;15
8200;35.372597;221.092173;79.882849;178.121228;336.347619;15
8400;37.168849;255.395772;85.938713;207.041813;378.503334;15
8600;39.509516;251.954082;93.114951;198.599473;384.578549;15
8800;39.479172;264.341266;92.428655;206.016047;396.249093;15
9000;41.054477;279.575638;89.137972;216.454671;409.768087;15
9200;42.047474;309.278412;98.608510;241.398199;449.934396;15
9400;43.631564;341.509389;101.242031;269.000567;486.382984;15
9600;42.603008;316.225961;107.089806;238.906801;465.918775;15
0;0.083604;0.000000;0.000000;0.000000;0.083604;16
200;0.126045;1.008966;0.211319;1.008459;1.346330;16
400;0.110275;2.757036;0.020856;2.754179;2.888167;16
600;0.169819;5.760035;0.057684;5.744563;5.987538;16
800;0.261239;7.574302;0.167839;7.535107;8.003380;16
1000;0.368156;10.874146;0.290872;10.808660;11.533174;16
1200;0.603801;10.819014;0.196207;10.691350;11.619022;16
1400;0.678202;15.075287;0.424418;14.888947;16.177907;16
1600;0.782504;18.031129;0.456671;17.763770;19.270304;16
1800;1.138473;18.662819;0.536867;18.295959;20.338159;16
2000;1.232292;24.119971;0.623308;23.623481;25.975571;16
2200;1.473715;25.397846;0.684684;24.744070;27.556245;16
2400;1.657599;27.093208;0.995056;26.208246;29.745863;16
2600;3.262464;32.773999;0.926390;31.577682;36.962853;16
2800;2.627491;35.820100;0.978837;34.464360;39.426428;16
3000;2.705742;37.977433;1.278459;36.268587;41.961634;16
3200;3.274346;42.847499;1.557061;40.772969;47.678906;16
3400;3.365105;48.409125;1.786309;45.931443;53.560539;16
3600;3.824474;48.630732;1.823181;45.742686;54.278387;16
3800;4.215947;56.024875;2.006526;52.600651;62.247348;16
4000;5.019184;65.350740;1.994684;61.195817;72.364608;16
4200;5.792858;66.916858;2.175001;62.088347;74.884717;16
4400;7.306036;69.579326;2.568759;64.448213;79.454121;16
4600;6.199950;77.521864;3.104692;71.169675;86.826506;16
4800;7.204409;82.800016;3.269734;75.557620;93.274159;16
5000;7.668186;88.691677;2.881524;80.698150;99.241387;16
5200;8.215532;102.407590;3.420500;93.073820;114.043622;16
5400;10.585437;113.976272;4.319511;103.669735;128.881220;16
5600;11.588638;125.030766;4.213030;113.551042;140.832434;16
5800;9.733735;125.048597;3.915225;111.860075;138.697557;16
6000;10.919245;130.699478;5.110399;116.093389;146.729122;16
6200;15.133728;128.810417;5.754682;112.315497;149.698827;16
6400;14.821928;158.845489;5.638160;140.850680;179.305577;16
6600;13.625457;146.881521;5.252575;126.850204;165.759553;16
6800;19.088124;154.140038;6.609045;132.287922;179.837207;16
7000;15.460454;167.757336;7.101943;143.875445;190.319733;16
7200;21.358603;170.889565;7.817289;145.016536;200.065457;16
7400;16.878219;173.962697;7.609785;146.117214;198.450701;16
7600;23.376138;190.287270;8.365521;160.400732;222.028929;16
7800;19.344006;243.758890;8.136929;210.674493;271.239825;16
8000;21.333203;206.478873;9.510522;169.825743;237.322598;16
8200;41.305533;220.053434;84.155763;181.059462;345.514730;16
8400;38.417130;240.081244;91.436423;197.470789;369.934797;16
8600;40.511093;265.920600;98.958981;219.349971;405.390674;16
8800;40.864868;265.912150;96.484711;214.360534;403.261729;16
9000;42.901505;287.427937;109.539160;230.297774;439.868602;16
9200;49.786159;294.180433;111.871412;232.495106;455.838004;16
9400;46.115703;338.714326;119.908914;272.512728;504.738943;16
9600;46.066587;327.296256;120.184644;255.515816;493.547487;16
0;0.113081;0.000000;0.000000;0.000000;0.113081;17
200;0.091867;0.879611;0.009929;0.873427;0.981407;17
400;0.081714;3.243089;0.020032;3.237651;3.344835;17
600;0.247645;5.111785;0.092401;5.095555;5.451831;17
800;0.265881;7.087540;0.086000;7.048918;7.439421;17
1000;0.426877;9.951782;0.153942;9.907229;10.532601;17
1200;0.525766;12.796858;0.248681;12.689636;13.571305;17
1400;0.611019;15.482184;0.327307;15.308253;16.420510;17
1600;0.806984;15.028858;0.356900;14.795164;16.192742;17
1800;0.999416;20.157632;0.661855;19.770023;21.818903;17
2000;1.365813;21.288566;1.236916;20.860518;23.891295;17
2200;1.498899;27.431845;0.721028;26.873590;29.651772;17
2400;1.719744;31.614009;0.775260;30.789489;34.109013;17
2600;1.945366;35.599221;1.073728;34.572779;38.618315;17
2800;2.454208;35.905303;1.025387;34.657500;39.384898;17
3000;2.660720;39.508313;1.050394;37.887200;43.219427;17
3200;2.906944;43.923533;1.498265;42.038323;48.328742;17
3400;3.600929;48.505862;1.541631;45.967893;53.648422;17
3600;3.946951;70.144848;2.201697;67.152900;76.293496;17
3800;4.005740;69.362078;2.616093;65.946318;75.983911;17
4000;5.005068;70.843978;2.195075;66.835563;78.044121;17
4200;5.166457;83.725941;2.466186;79.197539;91.358584;17
4400;5.893705;75.432581;2.509401;70.134500;83.835687;17
4600;6.229254;86.555026;2.965663;80.921034;95.749943;17
4800;6.951236;88.748204;3.055697;82.133281;98.755137;17
5000;7.567314;95.717380;3.507791;87.977746;106.792485;17
5200;8.219587;99.348320;3.637801;91.087138;111.205708;17
5400;8.749159;111.539894;3.595064;101.762933;123.884117;17
5600;9.734679;130.782967;4.363981;120.210676;144.881627;17
5800;10.193085;129.471431;5.119433;117.171279;144.783949;17
6000;10.733442;128.422847;5.401867;114.941447;144.558156;17
6200;11.705636;134.597762;5.377921;120.235094;151.681319;17
6400;12.044381;140.839083;7.337104;124.566788;160.220568;17
6600;13.560118;161.146059;5.878630;142.180104;180.584807;17
6800;14.967726;155.066802;6.608556;134.099642;176.643084;17
7000;18.217683;168.035539;7.073173;146.150700;193.326395;17
7200;16.146755;170.605916;7.992180;146.844175;194.744851;17
7400;21.074108;192.630679;7.755669;166.457088;221.460456;17
7600;18.187960;183.552071;7.750417;155.202276;209.490448;17
7800;19.767742;218.790316;9.684956;187.742913;248.243014;17
8000;20.728653;227.322410;9.357891;193.924934;257.408954;17
8200;38.909494;239.183485;90.547800;201.866673;368.640779;17
8400;39.764345;237.386271;106.603944;196.428929;383.754560;17
8600;43.005134;250.814013;111.375179;207.441518;405.194326;17
8800;42.751457;301.783838;112.994495;254.217867;457.529790;17
9000;45.409411;296.552353;109.044518;244.916859;451.006282;17
9200;50.919953;300.838246;121.846487;244.153098;473.604686;17
9400;47.146862;293.748038;121.118004;232.270952;462.012904;17
9600;45.690414;334.969977;142.082790;266.389621;522.743181;17
0;0.127490;0.000001;0.000001;0.000000;0.127492;18
200;0.120744;1.028106;0.019502;1.027467;1.168352;18
400;0.158158;2.657932;0.018700;2.655089;2.834790;18
600;0.237147;5.704918;0.255706;5.684325;6.197771;18
800;0.282905;8.449933;0.121519;8.418468;8.854357;18
1000;0.347460;10.251990;0.171062;10.212297;10.770512;18
1200;0.505624;12.536238;0.247162;12.419931;13.289024;18
1400;0.639286;14.436447;0.361232;14.266065;15.436965;18
1600;0.962030;18.325302;0.779406;18.083106;20.066738;18
1800;1.435875;23.628670;0.727045;23.304237;25.791590;18
2000;1.444775;23.138649;0.380690;22.688037;24.964114;18
2200;1.521209;27.334619;0.839968;26.745889;29.695796;18
2400;1.856538;35.065495;0.926419;34.241530;37.848452;18
2600;1.927123;39.280191;1.126655;38.278494;42.333969;18
2800;3.019873;41.440330;1.254277;40.255386;45.714480;18
3000;2.586200;47.983418;1.749291;46.281882;52.318909;18
3200;2.916161;50.359987;1.294018;48.623026;54.570166;18
3400;3.381545;49.509453;1.859565;47.159307;54.750563;18
3600;3.890449;58.587512;2.518711;55.904300;64.996672;18
3800;4.299639;69.972847;2.405047;66.602297;76.677533;18
4000;4.602095;76.852874;2.516399;73.133095;83.971368;18
4200;5.060380;81.786286;3.735015;77.423827;90.581681;18
4400;5.481877;84.706417;3.405480;79.764058;93.593774;18
4600;6.203650;94.422911;3.022522;88.857562;103.649083;18
4800;6.920565;103.638867;2.873627;97.025666;113.433059;18
5000;7.345291;100.594627;3.651206;93.414842;111.591124;18
5200;8.360060;119.689518;4.522850;111.286461;132.572428;18
5400;9.080590;121.059292;4.199433;112.038577;134.339315;18
5600;8.935916;124.766923;4.982752;114.792954;138.685591;18
5800;10.149252;149.495374;5.279311;138.233532;164.923937;18
6000;11.135515;164.783191;6.137562;151.821830;182.056268;18
6200;11.682170;144.187702;5.798511;129.914134;161.668383;18
6400;15.527751;159.121192;7.287111;143.740082;181.936054;18
6600;13.250934;161.730207;6.945859;143.683870;181.927000;18
6800;16.690370;179.559834;9.372567;159.844268;205.622771;18
7000;14.948348;194.137904;9.232030;172.573837;218.318282;18
7200;15.697714;191.828386;7.913617;168.319613;215.439717;18
7400;17.266756;201.111867;9.110123;175.634103;227.488746;18
7600;17.083680;221.466149;8.323339;193.876211;246.873168;18
7800;18.312144;246.313504;9.118420;216.575729;273.744068;18
8000;19.375662;230.802921;9.653750;198.369975;259.832333;18
8200;39.129033;253.600154;103.112666;218.984896;395.841853;18
8400;42.825765;272.731591;114.636597;234.770084;430.193953;18
8600;42.087626;262.651372;124.157189;221.523964;428.896187;18
8800;43.104170;291.921048;132.687655;247.378845;467.712873;18
9000;46.698337;370.423940;145.354477;322.354718;562.476754;18
9200;46.422624;310.843295;145.939714;257.810120;503.205633;18
9400;51.902104;375.657843;158.564103;317.024746;586.124050;18
9600;48.667129;370.737542;160.167006;309.780872;579.571677;18
0;0.088260;0.000001;0.000000;0.000000;0.088261;19
200;0.149522;1.016935;0.198708;1.016428;1.365165;19
400;0.083425;3.555380;0.021843;3.552282;3.660648;19
600;0.196583;7.820636;0.081395;7.800732;8.098614;19
800;0.261488;8.224599;0.152040;8.204665;8.638127;19
1000;0.393003;10.815725;0.199906;10.744594;11.408634;19
1200;0.477036;12.475506;0.218056;12.395060;13.170598;19
1400;0.632844;16.007650;0.278900;15.839518;16.919394;19
1600;1.241327;18.625682;0.395058;18.398703;20.262067;19
1800;1.205203;21.022073;0.738400;20.686812;22.965676;19
2000;1.153532;26.040662;0.523539;25.654585;27.717733;19
2200;1.514079;29.935655;0.581732;29.378244;32.031466;19
2400;2.198059;32.972560;1.262500;32.225600;36.433119;19
2600;2.066916;36.116186;1.111816;35.209981;39.294918;19
2800;2.362833;43.298074;1.189279;42.085701;46.850186;19
3000;2.627498;51.165882;2.066523;49.742357;55.859903;19
3200;3.117031;70.330653;1.777486;68.730173;75.225170;19
3400;3.572608;65.723860;1.813634;63.634225;71.110102;19
3600;3.743629;76.736196;2.437389;74.218631;82.917214;19
3800;7.518098;86.042875;2.345609;83.186787;95.906582;19
4000;7.534285;78.564632;3.895817;75.273231;89.994734;19
4200;18.791362;87.432516;2.738542;83.735615;108.962420;19
4400;7.337574;94.450606;3.672437;89.936307;105.460617;19
4600;6.420449;110.801885;3.233709;105.643901;120.456043;19
4800;7.040789;106.672966;3.198844;100.959460;116.912599;19
5000;7.424053;107.608223;3.859019;100.801242;118.891295;19
5200;9.823495;122.213904;3.875665;114.606716;135.913064;19
5400;9.063057;141.777788;5.294291;133.327918;156.135136;19
5600;9.449088;133.258559;4.627070;124.114341;147.334717;19
5800;10.015454;139.548787;8.150570;128.514421;157.714811;19
6000;10.520565;142.962302;5.140900;131.579712;158.623767;19
6200;11.300105;152.298464;7.595011;138.607608;171.193580;19
6400;12.283539;153.693776;6.311371;138.900486;172.288686;19
6600;12.848665;160.699265;6.085167;143.989408;179.633097;19
6800;13.609713;182.394860;9.161215;164.557544;205.165788;19
7000;14.670816;171.434284;7.073964;151.331579;193.179064;19
7200;15.657034;190.691780;8.621804;169.303946;214.970618;19
7400;16.405793;198.783667;10.520935;175.222279;225.710395;19
7600;16.447384;232.953076;9.436748;206.460499;258.837208;19
7800;18.105328;239.354880;9.263688;210.626611;266.723896;19
8000;18.742006;251.683557;8.848211;220.475625;279.273774;19
8200;38.411143;243.268744;124.220905;210.585098;405.900792;19
8400;41.941827;258.779539;132.115830;223.253070;432.837196;19
8600;41.062309;264.528954;132.962325;226.562631;438.553588;19
8800;42.652683;291.071375;137.589980;250.140424;471.314038;19
9000;45.396706;328.176411;143.021535;284.302290;516.594652;19
9200;46.107690;300.423387;148.715926;251.778162;495.247003;19
9400;49.169645;308.420011;150.719867;255.822150;508.309523;19
9600;48.203594;355.699492;157.786308;299.365516;561.689394;19
0;0.120104;0.000001;0.000001;0.000000;0.120106;20
200;0.124678;1.050937;0.010288;1.050570;1.185903;20
400;0.147981;2.997709;0.031498;2.995268;3.177188;20
600;0.176158;4.868145;0.099318;4.848392;5.143621;20
800;0.511277;14.078660;0.085077;14.055377;14.675014;20
1000;0.410277;14.673192;0.237925;14.626944;15.321394;20
1200;0.480881;13.493672;0.231704;13.399466;14.206257;20
1400;0.616322;14.054867;0.566650;13.917640;15.237839;20
1600;0.803974;18.160775;0.321700;17.990319;19.286449;20
1800;1.627782;20.743998;0.364978;20.425880;22.736758;20
2000;1.296508;28.219656;0.937677;27.641588;30.453841;20
2200;1.651519;27.496094;1.357042;26.913949;30.504655;20
2400;1.725953;32.872894;0.864354;32.196573;35.463201;20
2600;1.968711;38.185890;0.842869;37.240105;40.997470;20
2800;2.573030;40.582645;0.804222;39.353298;43.959897;20
3000;2.730283;49.457000;1.464340;48.191268;53.651623;20
3200;3.360224;50.804208;2.766451;49.225600;56.930883;20
3400;3.280774;57.131962;1.461064;55.150341;61.873800;20
3600;6.201300;63.861788;1.739879;61.332346;71.802967;20
3800;4.275106;65.263906;2.371688;62.520995;71.910700;20
4000;4.646492;67.742689;2.123701;64.324340;74.512882;20
4200;5.002902;76.743755;3.018563;72.870848;84.765220;20
4400;5.480184;95.481457;2.162578;90.881140;103.124219;20
4600;6.226390;92.337476;3.543839;87.374944;102.107705;20
4800;8.245975;96.622130;4.609603;90.548692;109.477708;20
5000;7.215608;98.444533;3.286596;91.800508;108.946737;20
5200;7.715524;105.526375;3.724889;98.220131;116.966788;20
5400;8.734538;116.601340;3.809578;108.396306;129.145456;20
5600;11.733886;123.237584;4.432461;114.135551;139.403931;20
5800;9.767895;127.461085;4.977451;117.438303;142.206431;20
6000;9.822611;138.607127;5.386267;128.026451;153.816005;20
6200;11.244563;146.508800;6.993339;134.058190;164.746702;20
6400;11.731678;167.208774;5.129495;153.537220;184.069947;20
6600;12.753138;165.087473;7.513832;149.786413;185.354443;20
6800;13.488030;171.314891;6.744265;154.130426;191.547186;20
7000;14.679806;187.422456;7.358748;168.466337;209.461010;20
7200;15.202702;203.315784;7.723854;182.989528;226.242340;20
7400;15.375637;218.062929;6.888922;195.483409;240.327488;20
7600;17.286175;238.469366;8.090901;214.423222;263.846442;20
7800;18.093156;247.170099;9.788815;221.098751;275.052070;20
8200;62.113320;274.440007;132.621746;243.949147;469.175073;20
8400;42.993380;331.712353;140.818497;297.874253;515.524230;20
8600;44.561526;290.263086;139.066626;254.517328;473.891238;20
8800;44.166464;302.145827;140.418640;264.640444;486.730931;20
9000;49.105030;341.662853;142.307785;301.131469;533.075668;20
9200;45.584496;284.187215;144.303165;241.749152;474.074876;20
9400;46.565327;319.552251;151.435735;272.338847;517.553313;20
9600;51.146896;315.080356;156.657735;264.789749;522.884987;20
